# PT power spectra for matter and bias tracers P, P_CTR (for c_s^2 = 1 (Mpc/h)^2 ), Id2d2, Id2, IG2, Id2G2, IG2G2, IFG2, P_Tree at redshift z=0.61
# for k=1.05479e-05 to 107.685 h/Mpc,
# number of wavenumbers equal to 584
#    1:k (h/Mpc)              2:P_1loop (Mpc/h)^3      3:P_CTR (Mpc/h)^3        4:Id2d2 (Mpc/h)^3        5:Id2 (Mpc/h)^3          6:IG2 (Mpc/h)^3          7:Id2G2 (Mpc/h)^3        8:IG2G2 (Mpc/h)^3        9:IFG2 (Mpc/h)^3        10:P_Tree (Mpc/h)^3   
       1.054785921050e-05      -2.895392397502e-08      -2.795096827100e-09      -2.799000632316e-07       4.970828705112e-16      -2.798327788008e-07      -2.799000632316e-07       2.799000632316e-07      -2.798327788008e-07       2.512280969268e+01 
       1.327896800012e-05      -5.730746728236e-08      -5.532089501611e-09      -2.799000632316e-07       4.970828705112e-16      -2.798327788008e-07      -2.799000632316e-07       2.799000632316e-07      -2.798327788008e-07       3.137332504958e+01 
       1.671723025776e-05      -1.134207903966e-07      -1.094907287286e-08      -2.799000632316e-07       4.970828705112e-16      -2.798327788008e-07      -2.799000632316e-07       2.799000632316e-07      -2.798327788008e-07       3.917858057388e+01 
       2.104574598631e-05      -2.244840877348e-07      -2.167025184137e-08      -2.799000632316e-07       4.970828705112e-16      -2.798327788008e-07      -2.799000632316e-07       2.799000632316e-07      -2.798327788008e-07       4.892550418715e+01 
       2.649502443233e-05      -4.442941648881e-07      -4.288945426417e-08      -2.799000632316e-07       4.970828705112e-16      -2.798327788008e-07      -2.799000632316e-07       2.799000632316e-07      -2.798327788008e-07       6.109727933781e+01 
       3.335525954396e-05      -8.793385480952e-07      -8.488607150937e-08      -2.799000632316e-07       4.970828705112e-16      -2.798327788008e-07      -2.799000632316e-07       2.799000632316e-07      -2.798327788008e-07       7.629705702544e+01 
       4.199178385688e-05      -1.740360522951e-06      -1.680040942779e-07      -2.799000632316e-07       4.970828705112e-16      -2.798327788008e-07      -2.799000632316e-07       2.799000632316e-07      -2.798327788008e-07       9.527768952227e+01 
       5.286452378400e-05      -3.443065801602e-06      -3.325157844940e-07      -2.799000632316e-07       9.150353778788e-02      -5.212869474758e-02      -2.799000632316e-07       2.799000632316e-07      -3.429219010596e-05       1.189790528937e+02 
       6.655249237408e-05      -6.813324948860e-06      -6.580705001033e-07      -2.799000632316e-07       7.951249652267e-03      -4.015078935464e-03      -2.799000632316e-07       2.799000632316e-07      -6.281255245201e-05       1.485743468803e+02 
       8.378462386796e-05      -1.348228061646e-05      -1.302374626220e-06      -2.799000632316e-07      -6.181428565101e-03      -2.731209385686e-03      -2.799000632316e-07       2.799000632316e-07      -1.177681249615e-04       1.855270666640e+02 
       1.054785921050e-04      -2.667691781156e-05      -2.577412379573e-06      -1.694320355833e-01      -4.817594930345e-03      -2.030640271050e-03      -4.987333862432e-03       1.156399032189e-05      -2.247015397105e-04       2.316622451898e+02 
       1.327896800012e-04      -5.277916595851e-05      -5.100438030204e-06      -1.699048008633e-01      -2.956697782238e-03      -1.219822399104e-03      -7.905090827163e-03       2.244986149618e-05      -4.340593519126e-04       2.892536355561e+02 
       1.671723025776e-04      -1.044056954570e-04      -1.009235614308e-05      -1.706516977633e-01      -2.013792592780e-03      -7.646289486948e-04      -1.252140021583e-02       3.257056825180e-05      -8.455047160781e-04       3.611302914443e+02 
       2.104574598631e-04      -2.064862545306e-04      -1.996720401038e-05      -1.718397359272e-01      -1.612570543664e-03      -4.917836845695e-04      -1.983272345411e-02       4.463962963752e-05      -1.655933832059e-03       4.508048767111e+02 
       2.649502443233e-04      -4.082438735102e-04      -3.949549925724e-05      -1.737290092311e-01      -1.610518078881e-03      -3.208707139640e-04      -3.141479417339e-02       6.182872514078e-05      -3.254195636863e-03       5.626249114091e+02 
       3.335525954396e-04      -8.067618105324e-04      -7.809654915395e-05      -1.767301472259e-01      -1.986854948748e-03      -2.111428385349e-04      -4.976472801766e-02       9.031181425690e-05      -6.407621245282e-03       7.019451752202e+02 
       4.199178385688e-04      -1.593214563562e-03      -1.543449972348e-04      -1.814940603752e-01      -2.817480432710e-03      -1.409141688779e-04      -7.883700833057e-02       1.439270101679e-04      -1.262842273975e-02       8.753140656957e+02 
       5.286452378400e-04      -3.143205800318e-03      -3.048017865033e-04      -1.890544826815e-01      -4.274763874233e-03      -9.632869170530e-05      -1.248952569701e-01       2.559897176066e-04      -2.489081188767e-02       1.090658682762e+03 
       6.655249237408e-04      -6.192371430322e-03      -6.012439672234e-04      -2.010481284614e-01      -6.658551236257e-03      -7.775370854582e-05      -1.978563988515e-01       5.066884379286e-04      -4.902766946193e-02       1.357444530998e+03 
       8.378462386796e-04      -1.217543067056e-02      -1.184094826758e-03      -2.200682603336e-01      -1.045703707981e-02      -1.562546239339e-04      -3.134126880510e-01       1.089359057827e-03      -9.643341367284e-02       1.686777740728e+03 
       1.054785921050e-03      -2.387522469185e-02      -2.326835253314e-03      -2.502217471589e-01      -1.642869348265e-02      -3.161969223710e-04      -4.963740564873e-01       2.468227038598e-03      -1.892520345112e-01       2.091399738682e+03 
       1.327896800012e-03      -4.665087519086e-02      -4.558951266376e-03      -2.980082968559e-01      -2.571316061068e-02      -6.829613510971e-04      -7.859132529429e-01       5.748318023171e-03      -3.702252342779e-01       2.585451760056e+03 
       1.671723025776e-03      -9.072201209894e-02      -8.897324840590e-03      -3.737057255974e-01      -3.995339365614e-02      -1.569366163903e-03      -1.243753813821e+00       1.352977224922e-02      -7.210768350143e-01       3.183692313991e+03 
       2.104574598631e-03      -1.753328874461e-01      -1.727495384595e-02      -4.935455052886e-01      -6.135617947447e-02      -3.748301616082e-03      -1.966846911102e+00       3.184144057536e-02      -1.396172829596e+00       3.900217640433e+03 
       2.649502443233e-03      -3.361198531476e-01      -3.331700172411e-02      -6.831143113729e-01      -9.248125376874e-02      -9.120292554736e-03      -3.106753303256e+00       7.440718431364e-02      -2.682390149028e+00       4.746117239131e+03 
       3.335525954396e-03      -6.376593116645e-01      -6.370658377800e-02      -9.826399850425e-01      -1.352230106070e-01      -2.230777542069e-02      -4.898710246903e+00       1.717628572311e-01      -5.101765867921e+00       5.726088517224e+03 
       4.199178385688e-03      -1.193733553295e+00      -1.205008435767e-01      -1.455137104088e+00      -1.877269873493e-01      -5.437134029664e-02      -7.703936756267e+00       3.899554665851e-01      -9.578830839644e+00       6.833861166898e+03 
       5.286452378400e-03      -2.197490799563e+00      -2.248555133119e-01      -2.198822526684e+00      -2.365061458328e-01      -1.311895567670e-01      -1.206834426195e+01       8.668882854643e-01      -1.769349026231e+01       8.046075249813e+03 
       6.655249237408e-03      -3.960427238842e+00      -4.125559118401e-01      -3.365784520238e+00      -2.382920430275e-01      -3.115154782721e-01      -1.879777208414e+01       1.877994291453e+00      -3.201871498477e+01       9.314764600478e+03 
       8.378462386796e-03      -6.950429786178e+00      -7.413440321211e-01      -5.189624504803e+00      -8.187986345111e-02      -7.234996840156e-01      -2.904102006058e+01       3.943050156809e+00      -5.648338751311e+01       1.056147553313e+04 
       1.054785921050e-02      -1.178902156877e+01      -1.297709327339e+00      -8.025763407534e+00       4.843033903998e-01      -1.632016937092e+00      -4.435287326483e+01       7.972801521825e+00      -9.649387218422e+01       1.166567812763e+04 
       1.327896800012e-02      -1.912906093493e+01      -2.197472659874e+00      -1.240953911202e+01       1.971552113867e+00      -3.545646691568e+00      -6.667734141171e+01       1.541079551335e+01      -1.583166730731e+02       1.246525662937e+04 
       1.671723025774e-02      -2.924673457037e+01      -3.565226467663e+00      -1.913960640109e+01       5.304121854956e+00      -7.343778424613e+00      -9.815618285756e+01       2.824135221674e+01      -2.467336248651e+02       1.276225009016e+04 
       2.104574586478e-02      -4.118414315098e+01      -5.473493760309e+00      -2.939764215045e+01       1.191294084547e+01      -1.432382419409e+01      -1.406741445344e+02       4.865613829881e+01      -3.602711928103e+02       1.236397840709e+04 
       2.649492400234e-02      -5.164506342636e+01      -7.846225531470e+00      -4.491591697747e+01       2.354004733948e+01      -2.594869373232e+01      -1.951948417911e+02       7.829607172903e+01      -4.857933064419e+02       1.118157531993e+04 
       3.334039688359e-02      -5.527501389818e+01      -1.044466346515e+01      -6.813334866359e+01       4.148942568257e+01      -4.309540033893e+01      -2.611450961641e+02       1.175196046287e+02      -6.011952730343e+02       9.391627994211e+03 
       4.146663661949e-02      -5.000528654132e+01      -1.308217764292e+01      -1.003988671893e+02       6.460983186005e+01      -6.430877445579e+01      -3.329431787173e+02       1.635697196622e+02      -6.946127128482e+02       7.591142621927e+03 
       4.844482212932e-02      -4.441777991655e+01      -1.541289470527e+01      -1.315327573397e+02       8.477875290645e+01      -8.225301748278e+01      -3.884858230608e+02       2.020727802054e+02      -7.670858041745e+02       6.547000110984e+03 
       5.348452215876e-02      -4.250131190915e+01      -1.732582950330e+01      -1.556509296852e+02       9.960845129423e+01      -9.518934124950e+01      -4.250498165469e+02       2.291873207750e+02      -8.248446609570e+02       6.041017907133e+03 
       5.762000197449e-02      -4.239463187317e+01      -1.904641471508e+01      -1.763080852554e+02       1.121153884631e+02      -1.059516592110e+02      -4.527491630184e+02       2.507897539313e+02      -8.754681608152e+02       5.728984504588e+03 
       6.130277128785e-02      -4.284030450437e+01      -2.064504251018e+01      -1.952742775369e+02       1.235745024891e+02      -1.157003335082e+02      -4.755895020557e+02       2.693162016872e+02      -9.205777673313e+02       5.494926725779e+03 
       6.473238494479e-02      -4.296842132280e+01      -2.212697249689e+01      -2.133599046193e+02       1.345044254719e+02      -1.249013029503e+02      -4.952549964864e+02       2.857772808668e+02      -9.598565992910e+02       5.290893506794e+03 
       6.801374808422e-02      -4.209856300142e+01      -2.347531753077e+01      -2.309983586284e+02       1.451286955895e+02      -1.337540636221e+02      -5.125884725171e+02       3.006600896840e+02      -9.924790933109e+02       5.093001584836e+03 
       7.120945719041e-02      -3.969648168262e+01      -2.466746238175e+01      -2.484500442456e+02       1.555295816767e+02      -1.423329487239e+02      -5.280679030182e+02       3.142272731619e+02      -1.017634486725e+03       4.888750036381e+03 
       7.436047955654e-02      -3.538673449021e+01      -2.568394776482e+01      -2.658847080548e+02       1.657112566446e+02      -1.506449550867e+02      -5.419926266942e+02       3.266368761198e+02      -1.034801162236e+03       4.672391087906e+03 
       7.749560400905e-02      -2.895161583338e+01      -2.651206297885e+01      -2.834194306809e+02       1.756325459399e+02      -1.586594234400e+02      -5.545677317652e+02       3.379977858307e+02      -1.043823641464e+03       4.442481423838e+03 
       8.063625789825e-02      -2.036018861294e+01      -2.715005913801e+01      -3.011380528192e+02       1.852265427323e+02      -1.663255521688e+02      -5.659464104812e+02       3.483975882277e+02      -1.045021209072e+03       4.200836174654e+03 
       8.379917491043e-02      -9.837192022324e+00      -2.761374470863e+01      -3.191019134769e+02       1.944162801894e+02      -1.735863064998e+02      -5.762541453775e+02       3.579200972337e+02      -1.039384099802e+03       3.952315331239e+03 
       8.699797169871e-02       2.212601420335e+00      -2.793162182545e+01      -3.373562807752e+02       2.031305218957e+02      -1.803915165005e+02      -5.856001943362e+02       3.666519419631e+02      -1.028308655827e+03       3.702975759136e+03 
       9.024412932475e-02       1.521903961171e+01      -2.814439234753e+01      -3.559343754339e+02       2.113113469875e+02      -1.867036425978e+02      -5.940833761174e+02       3.746837096596e+02      -1.013545199126e+03       3.459589104526e+03 
       9.354763059675e-02       2.843130750388e+01      -2.830701109257e+01      -3.748602542378e+02       2.189280698375e+02      -1.925087589532e+02      -6.017953285714e+02       3.821115797487e+02      -9.972144311654e+02       3.229296797456e+03 
       9.691738862111e-02       4.106400357063e+01      -2.847821640929e+01      -3.941513011967e+02       2.259845212088e+02      -1.978210466655e+02      -6.088176619220e+02       3.890297357365e+02      -9.813986259183e+02       3.018118631111e+03 
       1.003615433839e-01       5.234035549074e+01      -2.871741752515e+01      -4.138195458967e+02       2.325180499565e+02      -2.026813492620e+02      -6.152225254827e+02       3.955279950347e+02      -9.680470578911e+02       2.830768962168e+03 
       1.038876719247e-01       6.160851148652e+01      -2.907675134834e+01      -4.338742680224e+02       2.386072657086e+02      -2.071613257627e+02      -6.210655572464e+02       4.016806904487e+02      -9.586832448123e+02       2.669774915485e+03 
       1.075029401639e-01       6.840876613768e+01      -2.959552715691e+01      -4.543228828121e+02       2.443575141143e+02      -2.113514346598e+02      -6.263855936747e+02       4.075426028592e+02      -9.542979948197e+02       2.535650837278e+03 
       1.112142142490e-01       7.256030950987e+01      -3.029385446813e+01      -4.751723573998e+02       2.498983191969e+02      -2.153580659934e+02      -6.312013245972e+02       4.131428157002e+02      -9.551595653370e+02       2.426490543969e+03 
       1.150281431327e-01       7.427308399645e+01      -3.116342817661e+01      -4.964308906205e+02       2.553584900406e+02      -2.192831785532e+02      -6.355082599206e+02       4.184774801703e+02      -9.606380000405e+02       2.338101200504e+03 
       1.189512202808e-01       7.410646127671e+01      -3.217020206916e+01      -5.181069263349e+02       2.608578110082e+02      -2.232187931183e+02      -6.392844146312e+02       4.235162331353e+02      -9.693405726144e+02       2.264471035354e+03 
       1.229898299820e-01       7.305858327785e+01      -3.324639310109e+01      -5.402105769254e+02       2.664726334999e+02      -2.272199403635e+02      -6.424892828934e+02       4.281984984767e+02      -9.790122189182e+02       2.198109731524e+03 
       1.271502821558e-01       7.237556963890e+01      -3.430398118668e+01      -5.627511163289e+02       2.722296738386e+02      -2.313015078478e+02      -6.450754472804e+02       4.324495384361e+02      -9.869879589686e+02       2.131190500261e+03 
       1.314388385228e-01       7.347817015151e+01      -3.523895931210e+01      -5.857366320985e+02       2.780848074056e+02      -2.354222038728e+02      -6.469931939942e+02       4.361861535094e+02      -9.904045044135e+02       2.056374510882e+03 
       1.358617323134e-01       7.749786112042e+01      -3.596427650615e+01      -6.091709382679e+02       2.839259013441e+02      -2.394891720117e+02      -6.482050777765e+02       4.393393683441e+02      -9.871336611312e+02       1.968978848118e+03 
       1.404251832335e-01       8.518157569422e+01      -3.641701716430e+01      -6.330525802165e+02       2.895852785977e+02      -2.433681685276e+02      -6.486887756543e+02       4.418585694145e+02      -9.759198055310e+02       1.867079852432e+03 
       1.451354091019e-01       9.633226461075e+01      -3.659892880204e+01      -6.573717880914e+02       2.948708136361e+02      -2.469102451952e+02      -6.484502084907e+02       4.437347830198e+02      -9.573394123488e+02       1.753375889707e+03 
       1.499986353743e-01       1.100523616324e+02      -3.656090752855e+01      -6.821111451398e+02       2.995989589618e+02      -2.499765034308e+02      -6.475168009117e+02       4.449905394138e+02      -9.332266023445e+02       1.633356841574e+03 
       1.550211036376e-01       1.245788994324e+02      -3.641708238980e+01      -7.072447263731e+02       3.036463911261e+02      -2.524791289494e+02      -6.459397232112e+02       4.456873376103e+02      -9.068299344588e+02       1.515079957268e+03 
       1.602090800764e-01       1.379239970335e+02      -3.630181995191e+01      -7.327419379701e+02       3.069747869632e+02      -2.543972982409e+02      -6.437771454904e+02       4.459006038868e+02      -8.816131058568e+02       1.406226917139e+03 
       1.655688648612e-01       1.480946534570e+02      -3.635554188859e+01      -7.585689972233e+02       3.096476650296e+02      -2.557893375488e+02      -6.410888299167e+02       4.457122945283e+02      -8.608470241015e+02       1.313094489096e+03 
       1.711068033761e-01       1.540289071978e+02      -3.665980086019e+01      -7.846958881060e+02       3.118160670454e+02      -2.567785671572e+02      -6.379133165573e+02       4.451764936275e+02      -8.461159503456e+02       1.237916666946e+03 
       1.768293001815e-01       1.555492181282e+02      -3.723852719467e+01      -8.110958714403e+02       3.136810489606e+02      -2.575248525810e+02      -6.342718768262e+02       4.443220775653e+02      -8.375091169282e+02       1.179611876735e+03 
       1.827428365958e-01       1.539828703751e+02      -3.801156580765e+01      -8.377510058007e+02       3.154203227929e+02      -2.581664916937e+02      -6.301537528591e+02       4.431287694003e+02      -8.328233267731e+02       1.132913368930e+03 
       1.888539927696e-01       1.514393243877e+02      -3.884202616159e+01      -8.646465010222e+02       3.171485441660e+02      -2.587923980261e+02      -6.255358976220e+02       4.415533416783e+02      -8.288041269035e+02       1.090824215489e+03 
       1.951694751224e-01       1.506175062494e+02      -3.954585863184e+01      -8.917700439205e+02       3.188534739442e+02      -2.593936805725e+02      -6.203869305623e+02       4.395337496471e+02      -8.215743700078e+02       1.045710600648e+03 
       2.016961500120e-01       1.533923094741e+02      -3.998824968950e+01      -9.191036783026e+02       3.204162995846e+02      -2.598784678963e+02      -6.146916696398e+02       4.370272773912e+02      -8.086249776928e+02       9.929127759960e+02 
       2.084410845243e-01       1.604418252888e+02      -4.010952943937e+01      -9.466224336666e+02       3.216325890010e+02      -2.600883853024e+02      -6.084558592635e+02       4.340182311475e+02      -7.892667678309e+02       9.314528101875e+02 
       2.154115952973e-01       1.699468116324e+02      -4.001758748306e+01      -9.742905941323e+02       3.223353109708e+02      -2.598958441426e+02      -6.017146160976e+02       4.305369416937e+02      -7.660237635898e+02       8.659363817847e+02 
       2.226153063579e-01       1.791021768006e+02      -3.989013946003e+01      -1.002066920939e+03       3.224190074756e+02      -2.592215364434e+02      -5.945194698329e+02       4.266394997730e+02      -7.426222145016e+02       8.030936116359e+02 
       2.300602170409e-01       1.857684979961e+02      -3.987291637083e+01      -1.029910013049e+03       3.219331902563e+02      -2.581053305481e+02      -5.869230133009e+02       4.223895664722e+02      -7.217088907165e+02       7.478910930705e+02 
       2.377547812124e-01       1.888189717816e+02      -4.004949825863e+01      -1.057785061566e+03       3.209961514731e+02      -2.566404164739e+02      -5.789669288875e+02       4.178366134913e+02      -7.046136517955e+02       7.026806226192e+02 
       2.457079992353e-01       1.886747180392e+02      -4.040422638289e+01      -1.085668670059e+03       3.197765162056e+02      -2.549595799854e+02      -5.706717268890e+02       4.130007939505e+02      -6.907451715436e+02       6.659471627541e+02 
       2.539295244207e-01       1.871219039270e+02      -4.082659078351e+01      -1.113544054699e+03       3.183716260394e+02      -2.531444803061e+02      -5.620437446574e+02       4.078780604225e+02      -6.780609474477e+02       6.336794102257e+02 
       2.624297861319e-01       1.866749294998e+02      -4.115281182661e+01      -1.141398060112e+03       3.168048853048e+02      -2.512217168269e+02      -5.530821980824e+02       4.024501894607e+02      -6.637893588239e+02       6.006613112459e+02 
       2.712201322750e-01       1.883255477065e+02      -4.131073262289e+01      -1.169209712444e+03       3.149952319498e+02      -2.491316206844e+02      -5.437968755372e+02       3.967119548655e+02      -6.469579955728e+02       5.649882011735e+02 
       2.803129946658e-01       1.918830238789e+02      -4.130386532596e+01      -1.196954102995e+03       3.128428439768e+02      -2.467958732110e+02      -5.342075331565e+02       3.906727216436e+02      -6.278572419799e+02       5.271121911226e+02 
       2.897220817703e-01       1.954872004581e+02      -4.124829260030e+01      -1.224601955096e+03       3.102996064827e+02      -2.441707267964e+02      -5.243466110217e+02       3.843651480601e+02      -6.084049265320e+02       4.905847181191e+02 
       2.994626046374e-01       1.976182022992e+02      -4.124331964020e+01      -1.252130658423e+03       3.073811883511e+02      -2.412643552411e+02      -5.142444309097e+02       3.778220423904e+02      -5.901067077997e+02       4.580250092527e+02 
       3.095515436028e-01       1.976636944900e+02      -4.133509294784e+01      -1.279527346878e+03       3.041702317402e+02      -2.381417048175e+02      -5.039248028110e+02       3.710699261907e+02      -5.734989856491e+02       4.300637162896e+02 
       3.200079656804e-01       1.965537979862e+02      -4.146878398855e+01      -1.306785745485e+03       3.007222637984e+02      -2.348533085166e+02      -4.934011765207e+02       3.641187364475e+02      -5.577531451234e+02       4.050400326534e+02 
       3.308534056967e-01       1.958228737414e+02      -4.154824730954e+01      -1.333903134875e+03       2.970628882539e+02      -2.314281022261e+02      -4.826824835672e+02       3.569705231759e+02      -5.415200523530e+02       3.804374325402e+02 
       3.421123284790e-01       1.957710312446e+02      -4.155066198102e+01      -1.360870904393e+03       2.931599801343e+02      -2.278410622188e+02      -4.717802945351e+02       3.496311141961e+02      -5.245807371720e+02       3.557355068881e+02 
       3.538126952416e-01       1.960181110154e+02      -4.149702945091e+01      -1.387682040402e+03       2.889879516821e+02      -2.240684396548e+02      -4.607077489268e+02       3.421107383699e+02      -5.072735480348e+02       3.314530808155e+02 
       3.659866654262e-01       1.955651696672e+02      -4.145111186535e+01      -1.414333671045e+03       2.845590322816e+02      -2.201137350636e+02      -4.494784439881e+02       3.344246289401e+02      -4.903945622884e+02       3.090240072262e+02 
       3.786714766806e-01       1.942748877112e+02      -4.142340885423e+01      -1.440831533750e+03       2.798922048056e+02      -2.159924772143e+02      -4.381009686052e+02       3.265823620064e+02      -4.740614115313e+02       2.886451876727e+02 
       3.919105620382e-01       1.926929798229e+02      -4.138145103678e+01      -1.467189263411e+03       2.750054211052e+02      -2.117243811153e+02      -4.265795083442e+02       3.185882929981e+02      -4.578571381576e+02       2.695037167356e+02 
       4.057549872076e-01       1.910696510433e+02      -4.130841703324e+01      -1.493419749708e+03       2.698937904830e+02      -2.073081409739e+02      -4.149158424084e+02       3.104438025262e+02      -4.416024550598e+02       2.510943744266e+02 
       4.202653262801e-01       1.893925506259e+02      -4.120375577793e+01      -1.519540282286e+03       2.645497330125e+02      -2.027371628017e+02      -4.031094222056e+02       3.021492547532e+02      -4.253027506088e+02       2.332995207560e+02 
       4.355141477481e-01       1.873404618680e+02      -4.108751481090e+01      -1.545574441806e+03       2.589735171429e+02      -1.980073088550e+02      -3.911562407153e+02       2.937041434786e+02      -4.091641678034e+02       2.165456927966e+02 
       4.515893656720e-01       1.848685375072e+02      -4.096210066476e+01      -1.571555951158e+03       2.531648542576e+02      -1.931190951659e+02      -3.790468149587e+02       2.851031480528e+02      -3.931985158403e+02       2.008415674512e+02 
       4.685988423733e-01       1.821322779677e+02      -4.081678502603e+01      -1.597529723527e+03       2.471190351146e+02      -1.880721613944e+02      -3.667656104509e+02       2.763357796234e+02      -3.772771178891e+02       1.859046768330e+02 
       4.866768433346e-01       1.792196120387e+02      -4.064401382866e+01      -1.623548536688e+03       2.408188092925e+02      -1.828522425486e+02      -3.542901914059e+02       2.673858415564e+02      -3.613175785918e+02       1.716125372753e+02 
       5.059933048035e-01       1.760527238897e+02      -4.044606013578e+01      -1.649680995637e+03       2.342428333464e+02      -1.774420687170e+02      -3.415895491322e+02       2.582313048063e+02      -3.453197087399e+02       1.579604987541e+02 
       5.267674994365e-01       1.724655095192e+02      -4.023009990915e+01      -1.676017463428e+03       2.273657206679e+02      -1.718223722919e+02      -3.286208980084e+02       2.488416906803e+02      -3.293155199756e+02       1.449808920654e+02 
       5.492888124926e-01       1.685148978722e+02      -3.998815699348e+01      -1.702674694462e+03       2.201524020120e+02      -1.659669623178e+02      -3.153246775515e+02       2.391726794892e+02      -3.131939283882e+02       1.325390201428e+02 
       5.739494639936e-01       1.642345045638e+02      -3.971119308687e+01      -1.729807180428e+03       2.125491131495e+02      -1.598346332215e+02      -3.016187004936e+02       2.291625406954e+02      -2.968294658592e+02       1.205468153602e+02 
       6.012982113735e-01       1.595549132892e+02      -3.939347270096e+01      -1.757624730556e+03       2.044749174722e+02      -1.533637484790e+02      -2.873887496421e+02       2.187253363903e+02      -2.801099260646e+02       1.089549216549e+02 
       6.321328486537e-01       1.543233234409e+02      -3.903050186903e+01      -1.786419681711e+03       1.958139448941e+02      -1.464675192004e+02      -2.724728238814e+02       2.077388442722e+02      -2.629037124870e+02       9.767576762667e+01 
       6.676688725648e-01       1.484128884885e+02      -3.860930741831e+01      -1.816612102597e+03       1.864036839164e+02      -1.390233981945e+02      -2.566329625845e+02       1.960223342031e+02      -2.449767554171e+02       8.661034958371e+01 
       7.098683236780e-01       1.416779570564e+02      -3.810507640045e+01      -1.848830346027e+03       1.759831952948e+02      -1.308356842928e+02      -2.395076468594e+02       1.832998388539e+02      -2.259571143948e+02       7.561834774376e+01 
       7.621318567037e-01       1.337344018651e+02      -3.748547462980e+01      -1.884051556766e+03       1.641357052562e+02      -1.215934658398e+02      -2.205272025514e+02       1.691353368544e+02      -2.053286863552e+02       6.453590380467e+01 
       8.308733932589e-01       1.240118151745e+02      -3.668649928743e+01      -1.923838049824e+03       1.501735895014e+02      -1.107863438446e+02      -1.987646913048e+02       1.528152994162e+02      -1.822456193319e+02       5.314178699830e+01 
       9.292446428284e-01       1.115680156193e+02      -3.558158411182e+01      -1.970580830157e+03       1.329529639880e+02      -9.757651603482e+01      -1.727638951854e+02       1.332096320984e+02      -1.554235681573e+02       4.120637282790e+01 
       1.084239603181e+00       9.503235525553e+01      -3.395845072948e+01      -2.026567520996e+03       1.111039957682e+02      -8.099671163487e+01      -1.410059573888e+02       1.091104118586e+02      -1.237861311036e+02       2.888653178199e+01 
       1.331912466722e+00       7.472177582422e+01      -3.166599765518e+01      -2.087338329957e+03       8.575471760172e+01      -6.200427725564e+01      -1.057635687036e+02       8.217540609636e+01      -9.012993631248e+01       1.785014056244e+01 
       1.673534804888e+00       5.479402348899e+01      -2.902871704976e+01      -2.138756735181e+03       6.280433962928e+01      -4.503574629207e+01      -7.529021382800e+01       5.872163742106e+01      -6.230678267780e+01       1.036473278795e+01 
       2.106789535481e+00       3.660216538426e+01      -2.635356747423e+01      -2.176715056067e+03       4.481889863742e+01      -3.189763369395e+01      -5.237758245822e+01       4.098246720258e+01      -4.223859067562e+01       5.937404131157e+00 
       2.652290617903e+00       1.846598728325e+01      -2.373040383956e+01      -2.203829394063e+03       3.131099310824e+01      -2.213281945790e+01      -3.576779388809e+01       2.806183121830e+01      -2.820834466823e+01       3.373355400604e+00 
       3.339036058188e+00       3.264096960738e+00      -2.121069747809e+01      -2.222787498710e+03       2.145668435709e+01      -1.507373148095e+01      -2.401509310467e+01       1.888421221595e+01      -1.858773985254e+01       1.902442568528e+00 
       4.203597344550e+00       8.909363410449e-03      -1.883127009184e+01      -2.235789393192e+03       1.444825748850e+01      -1.009328749556e+01      -1.587579646148e+01       1.250815259067e+01      -1.210384882757e+01       1.065702170931e+00 
       5.292015518004e+00      -1.472910150741e-06      -1.661565160716e+01      -2.244550946183e+03       9.574101782269e+00      -6.654142906418e+00      -1.034654097394e+01       8.165300112759e+00      -7.800825492036e+00       5.932984936580e-01 
       6.662252815225e+00      -1.076816704068e-08      -1.457967556072e+01      -2.250360683837e+03       6.252005963979e+00      -4.325002673464e+00      -6.655485484125e+00       5.259891345876e+00      -4.985145782495e+00       3.284758251901e-01 
       8.387279368884e+00      -7.584291605111e-11      -1.272747473783e+01      -2.254157111579e+03       4.028361241547e+00      -2.774818971729e+00      -4.229890416644e+00       3.347060976624e+00      -3.164835411648e+00       1.809245663536e-01 
       1.055895913330e+01      -1.272532148509e-12      -1.105814506174e+01      -2.256604816327e+03       2.563771122891e+00      -1.759042917089e+00      -2.658523563476e+00       2.105932539393e+00      -2.000591226463e+00       9.918304067197e-02 
       1.329294197501e+01       1.018025718807e-12      -9.565678506960e+00      -2.258163599100e+03       1.613190205716e+00      -1.102829479479e+00      -1.653729028704e+00       1.311240240773e+00      -1.262672593263e+00       5.413408502311e-02 
       1.673482244985e+01       1.018025718807e-12      -8.240829975472e+00      -2.259145073786e+03       1.004381020310e+00      -6.843371526103e-01      -1.018843338687e+00       8.085297941449e-01      -7.983690336948e-01       2.942564438987e-02 
       2.106789324398e+01       1.018025718807e-12      -7.072225276604e+00      -2.259756609539e+03       6.191716977548e-01      -4.205795299700e-01      -6.220601129691e-01       4.940416138168e-01      -5.077589553970e-01       1.593350164753e-02 
       2.652290617781e+01       1.018025718807e-12      -6.047116903071e+00      -2.260133979372e+03       3.781289243637e-01      -2.561298985877e-01      -3.765689234202e-01       2.993057431071e-01      -3.263661978189e-01       8.596144812028e-03 
       3.339036058188e+01       1.018025718807e-12      -5.152232175472e+00      -2.260364769168e+03       2.288235025303e-01      -1.546089239926e-01      -2.260801702018e-01       1.798557943593e-01      -2.131131431734e-01       4.621160894171e-03 
       4.203597344550e+01       1.018025718807e-12      -4.373986230142e+00      -2.260499605878e+03       1.371808230942e-01      -9.249301908925e-02      -1.345915153472e-01       1.072165933222e-01      -1.421063855992e-01       2.475331981292e-03 
       5.292015518004e+01       1.018025718807e-12      -3.699385211255e+00      -2.259321898562e+03       8.137658199410e-02      -5.478119671139e-02      -7.934675690495e-02       6.337657718151e-02      -9.719620238695e-02       1.320948905155e-03 
       6.662252815225e+01       1.018025718807e-12      -3.115873405946e+00      -2.799000632316e-07       4.757512170418e-02      -3.199428545817e-02      -2.799000632316e-07       2.799000632316e-07      -6.838097490706e-02       7.019993386752e-04 
       8.387279368884e+01       1.018025718807e-12      -2.611360874388e+00      -2.799000632316e-07       2.698045427988e-02      -1.808268170301e-02      -2.799000632316e-07       2.799000632316e-07      -4.950287070733e-02       3.712118555667e-04 
       1.055895913330e+02       1.018025718807e-12      -2.175675845449e+00      -2.799000632316e-07       4.970828705112e-16      -2.798327788008e-07      -2.799000632316e-07       2.799000632316e-07      -2.798327788008e-07       1.951425483719e-04 
